	Threads	Time	JoulesCpuAll	JoulesCoresAll	JoulesDramAll	JoulesGraphicAll	PCM_energy	NVML_Energy
0	0.0	4.91813319178474	2.7394596874649917		5.065947895442211		2.991661143804681	
1	0.0	2.1954267149818922	0.21259451026111095		6.534503121309262		30.883898142479914	
2	0.0	6.81827101519969	10.532727357915936		10.956702468243305		-5.240085085247207	
3	0.0	2.969577124063087	8.589129033162337		10.359907307574696		1.18088220782212	
4	0.0	0.6452064271888414	1.4668931064962358		3.259143205168486		-3.4081272330427708	
5	0.0	0.5058539336245607	6.21034754398299		4.639956902571882		-5.243083675122138	
6	0.0	9.218686633893517	8.630570341844793		16.512418628227117		2.354273087494125	
7	0.0	6.397802372800389	-1.3990975911505668		10.490873757748691		-11.927839798133217	
8	0.0	-3.7942953352481013	-10.026675035305193		-8.071354157961883		7.618078027851503	
9	0.0	4.56103121299905	1.7021633746532756		-4.131212233321007		2.7793577027120797	
10	0.0	1.1954056221581872	2.984258427405173		-5.733140189924351		-9.169521379138168	
11	0.0	0.6843710395194587	-12.112225736701975		1.406213114021925		65.41153655802115	
12	0.0	-7.469156385461803	-5.8459971387387535		-3.422211885739288		-6.375051567656764	
13	0.0	-2.8975602002702194	-3.6632595635914034		1.8693125753755073		5.301301838679376	
14	0.0	15.346094730298198	17.983589188030876		14.370039256139142		24.92874757050342	
15	0.0	-16.108906241514333	-11.609057369630113		-9.75568181818183		-17.157577968265546	
16	0.0	-14.935527589545014	-21.95915776155653		-15.81810786075048		-3.183593504715735	
17	0.0	-15.188194959229051	-17.62466391468181		-19.706466665639972		-11.502801719287973	
18	0.0	-9.04522912120611	-7.9015129081015445		-12.492619480073994		1.5136486016463393	
19	0.0	29.779068664880043	43.83466575850933		27.2678975547828		8.975523710369437	
20	0.0	-10.622103460810585	-20.94213764360846		-18.26900997968736		-20.93315501274319	
21	0.0	-14.883600537103856	-15.203799318399936		-16.11545297119942		-13.448333612460218	
22	0.0	-10.543090652657265	-17.581832163558687		-29.096534445359918		0.6377510347510545	
23	0.0	-1.689886542688968	-13.623539505892454		0.6512281460264413		-3.324350387719798	
24	0.0	15.846838820294359	15.170918052373539		10.8479289345211		39.49588372802115	
25	0.0	4.075474815427509	11.801143909521658		12.586611657058963		-1.2552848622516612	
26	0.0	18.528763152152305	23.04681508501567		31.038145670165196		6.200291537733682	
27	0.0	15.038212946791116	17.33683208561653		6.650103469114936		1.8098784176216167	
28	0.0	3.248412002214803	6.113241985544501		-2.485031867636648		-1.0939350495543199	
29	0.0	14.35130722361726	33.97470826268667		24.201683158065975		2.4259237758862	
30	0.0	16.787831546022698	29.933690762142557		21.533195786136876		9.18949918808156	
31	0.0	5.055196531533152	12.213732574963942		3.5968489727104944		1.281735002110639	
32	0.0	19.364754228716475	31.108861135260057		19.442818603211773		2.4425806762586473	
33	0.0	-9.462927586945648	-16.844070961718025		-17.30066445182724		-4.441555691496869	
34	0.0	-1.228148261506362	-2.120442365478147		-4.033172457599446		-7.843059914689333	
35	0.0	15.142224223761241	13.176080520422135		9.829366800390321		-2.222692751313611	
36	0.0	17.554435846679855	9.99929482223224		6.182228415953294		-0.7942093787088496	
37	0.0	-5.2136098903021795	-16.58702713806991		-16.009705024621127		-6.460592736003329	
38	0.0	15.78347928006432	12.725757752006587		6.305824105978		1.5659645232815982	
39	0.0	0.6879022298778645	0.23190348525468796		-6.0537492588603925		-9.933048924202746	
40	0.0	3.824597369655475	4.555257629046681		4.83872019404434		-0.5377069075953127	
41	0.0	0.7902912032443575	-2.1646739704402758		-7.3464194615888045		5.574418631148381	
42	0.0	5.576233404471167	8.834027972825663		10.249567673148453		3.6674361673053304	
43	0.0	18.074215194204836	42.88582206618361		21.833609768995935		6.620144358920599	
44	0.0	-0.49608996116935955	1.942120422438616		4.861080282342201		5.481882861349176	
45	0.0	6.509531610389821	-4.7697071944441785		5.5284316510640075		7.697812978988616	
46	0.0	-3.3645111219339716	-4.559389478976553		6.954983739373544		2.311369683849723	
47	0.0	6.015761704103122	-6.621316105629159		3.296384530877751		2.14157670845672	
48	0.0	-10.167515837590628	-19.030621448784036		-5.543394849731426		-3.077496863733454	
49	0.0	4.335600264779319	10.447450639284146		23.74029797777326		-0.0027881714613980737	
50	0.0	1.2144539312364369	-2.628505163735361		2.962169207727839		1.6826936461888777	
51	0.0	8.43840769407771	4.68164946605442		17.715430111551996		20.339030603656283	
52	0.0	5.177466085372697	3.99047178038471		30.08328908018671		3.6851172613093173	
53	0.0	-11.526919950467601	-10.601483470557643		-10.829036271161103		-10.809737249538456	
