	Time	PCM_energy
0	-0.31291454830499016	16.60121294908522
1	1.4287214909022028	5.595448851455307
2	2.588805872329263	-1.0886165578148965
3	3.9221661152707665	-2.314826410382107
4	8.674038047470667	-3.9307307208966136
5	5.945884449837887	-5.632287767307776
6	5.52700751708128	-8.176743957313924
7	11.157307406550917	-6.567853805419997
8	10.149969600756608	-7.780352463937241
9	24.365178348715386	-2.3001955092126334
10	30.154234627721284	-1.6061672864063576
11	19.63085403487681	-5.133199215796818
12	18.483802006248975	-6.812334230664936
13	21.95116168800379	-4.167480978791938
14	19.810592204202734	-5.539645605870758
15	17.918328933012393	-6.371688840106551
16	19.204125746770366	-5.439563379528057
17	12.698090027664108	-8.694753184944414
18	25.026629740093753	-3.3748776221853087
19	17.70787626151822	-8.078759657734356
20	16.20961630224268	-8.006387291856209
21	26.37721437803066	-4.865083668746597
22	31.744433917574604	-2.8294491320885857
23	16.17187303345333	-7.833178956622758
24	26.26591137813793	-4.480844350663018
25	23.003557962933467	-5.595598481572255
26	24.46793852279973	-4.799412185048655
